200210101302123001201232003214413304042
120100002010203210130421301201404231101
001200100200133300103241144403033124133
000012321202320024030320421230202213131
111103022312211340103042313022513413532
012112331020102411442404102132241553154
200110201230142322043222345241215442224
120012121330311223132012342543213553334
232202001121031432403445341332243414414
133033302004430221300431213144135422424
323030003440212122341123551231453352464
003000034413321402514254435224115366533
203203234020411021411532552144456644553
103032442424101341214421543433253563535
020133314440123532124351233325245665424
303102341103425544443131253325266522334
023044020203451414535535625633224445223
130031020304324235255516652533544625454
220403302205252431242554332553635575345
214400202003451322143346242334324356456
144333342021131124452334346355653767663
111433243134224443344522523636635556736
421102342525325521256266235434736567476
030103204353142134336562363447366767454
410404421315115456635435323737634573668
012140231351312622653242266664756743747
122202541435443225443523376367336378575
322341213145516625463356665437453687675
140223342343464363346556333753354858857
422403124152143243445554363655577858878
321231255223524234247766447646866656646
434145334313623446664556646655886667557
433432522546645452345446344376857768848
420512322415655344574666457745755754768
124155335466242262756735466446866676986
415345153363443642766655644464854747967
441333524323362443745375688445665755769
434241414244556353633455448684455597576
245314523664342366643466667485888767568
321432211425653366363657657447568665877
033422313632342655364345567644755898785
052242355542323647576334458576689579586
234434342653226546436658855775896968867
445222213235346735753667755676669878598
435355546442363575345376588657989988589
133553556352633665357787686775799577779
545233354544544435573376578458655587598
211555453542466735366787685658866856979
144113123264426777463777488587699869767
311313235543366635754558457576795998769
443355342254425446767468656476595865887
442443355324564334365767887885668589686
413433144665547465436464847768768777996
453142566345254453333444885587565578677
151332265265444777364585745778956687969
445223254646322766445774546689887968566
354122314463434747436654644484979696677
012232355266625635373378685656767767887
024555213224464774353435485656687879797
132432444233664544676735848585667856997
444143435624244477333448558448667577665
231541231646652273467743578658756967656
452115141256244235637554556584849575796
425244513366263336575446588857846976888
105131435443626324576435676555478786567
032315232453426453465765574644575446896
414341314426235264647543645746457657967
100323311242236242255347744575476776858
014311441544336355454575445686757688689
342254542123656656546356366778675574845
211453143353434566563465675745864885674
313022332133466332336477634667465867888
114211155121535434243656644454647447848
010122525344156263354227756636434587458
412321535231542523462334653374657358685
104424333415333444626345536643374555557
124112314331255362622446225633636335345
312000445323443215433555564337345455776
430022234512251423424326264637465355355
233102134414232412332356226435465646465